<?xml version="1.0"?>
<opencv_storage>
<intrinsic type_id="opencv-matrix">
  <rows>3</rows>
  <cols>3</cols>
  <dt>d</dt>
  <data>
    6.4742180854413971e+02 0. 3.0037486591876751e+02 0.
    6.4656008247456873e+02 2.3331478490413571e+02 0. 0. 1.</data></intrinsic>
<distortion type_id="opencv-matrix">
  <rows>1</rows>
  <cols>5</cols>
  <dt>d</dt>
  <data>
    1.0727017215466600e-01 1.6246619220942687e-01 1.0040282093396913e-02
    -6.3240625167641819e-03 -1.8835536793356495e+00</data></distortion>
</opencv_storage>
